   1800   1ac0   18b0   1d10   18f0   1840   18b0   1a50   1b50   1a30   1990
   1880   18c0   1af0   19e0   1a70   1850   17d0   1a90   1a80   19f0   1960
   19c0   1b40   19d0   1940   18e0   1980   1700   19e0   18f0   1af0   19c0
   18e0   1a20   19f0   1880   1900   1a30   18e0   1b10   1940   1ae0   1a00
   1a00   1860   17c0   1a50   1760   17a0   1710   18b0   1aa0   18c0   1bc0
   1900   1a40   16d0   1880   19f0   1860   17d0   18b0   1940   18d0   1a70
   15b0   16c0   1a10   19c0   1900   1860   18a0   1840   1970   18c0   1990
   1930   1830   1840   19c0   1930   18a0   1c00   19e0   1970   1930   1900
   1810   1950   1880   18e0   1980   1970   17f0   19e0   18f0   1860   17b0
   17d0   1600   1850   1950   1990   19c0   19b0   1a50   1980   1850   19d0
   16b0   1730   17c0   1810   1980   1a20   19a0   1840   19d0   1940   1a40
   1980   1a80   17e0   1a40   17e0   1a00   1750   17e0   17c0   1a60   19d0
   1680   1a40   1710   16c0   1830   1810   18e0   1830   17d0   1880   1840
   1820   16c0   1860   17a0   19f0   17e0   19c0   18d0   17b0   18d0   1720
   17e0   1860   18f0   1730   19c0   18f0   18a0   19c0   16a0   1910   1960
   1760   1820   18d0   17f0   1810   1a20   1620   19b0   16e0   1a20   19c0
   17a0   1900   16d0   1870   17b0   19a0   1800   18a0   17f0   1820   1940
   1ad0   1760   1820   1750   1840   17e0   1880   18c0   1970   18c0   19f0
   17a0   1840   1970   1630   17e0   16f0   17a0   17e0   16a0   1810   1920
   1940   1960   1870   18c0   17a0   1670   17a0   1730   18b0   18d0   1860
   1760   1730   1900   1830   17c0   1770   1920   1880   1690   1970   1920
   1770   1760   16e0   17b0   16f0   1830   1870   18e0   17b0   17b0   1b40
   17a0   1810   1860   18b0   1710   1750   17e0   1880   1870   18c0   18c0
   1810   1700   1640   1720   17e0   17a0   1960   18b0   17e0   1790   1750
   1730   15a0   19e0   1810   17e0   1670   1820   16f0   1800   16d0   16a0
   1940   16f0   1680   1920   1760   19b0   1660   1800   1810   1770   1760
   17b0   1840   1840   17b0   17e0   1760   1610   1500   16b0   1780   1960
   15d0   1700   16a0   18e0   18a0   1820   1680   1810   1870   19f0   1700
   16e0   16d0   1670   1750   16f0   17f0   17e0   17f0   1760   1740   1820
   1690   1670   1480   16f0   16e0   16f0   1820   1660   17a0   1600   1910
   1760   1620   1610   17d0   1640   1710   17b0   1500   16a0   16b0   17a0
   1720   1680   1760   18c0   1720   1810   1820   1880   15c0   1610   1710
   1660   1740   1830   16d0   1570   17f0   1700   1590   1520   16d0   1620
   15f0   1610   1650   1710   1720   1840   15a0   16d0   1730   15a0   1750
   15e0   16d0   1640   1520   16e0   16f0   1630   1630   1810   17b0   16c0
   1710   1580   1550   14d0   1560   1860   15d0   1610   1440   1550   1920
   15e0   1620   1660   1670   1760   1550   16a0   16e0   1820   16f0   1740
   1630   16c0   18a0   1580   14a0   1730   17a0   17f0   15a0   16d0   1480
   17e0   1550   1540   15f0   1690   1610   15e0   1650   1730   1530   16c0
   1420   1470   16a0   1650   15b0   1510   1550   1710   15b0   16d0   1710
   15f0   1520   1730   1710   15a0   1560   14e0   1670   1490   1510   17c0
   16c0   15c0   14a0   1620   14a0   1520   1620   15a0   15e0   16a0   15f0
   15a0   1700   17a0   16d0   1630   1520   1580   1520   1860   1790   15e0
   1550   1610   15e0   17c0   1610   1670   1560   1510   1660   15d0   1540
   1680   13d0   15c0   15d0   14b0   14f0   15f0   1760   15c0   1790   16e0
   15a0   1600   1540   1570   1720   1720   1620   1800   14a0   15b0   1820
   1640   1680   1520   1470   1720   14d0   1690   1570   16b0   1650   1610
   1490   1410   13a0   13b0   1710   1580   1620   1660   1710   14d0   15e0
   1590   1570   1450   1630   14e0   15f0   1510   1510   14e0   15a0   15e0
   1300   1510   1280   14b0   1520   1680   1560   1580   16d0   1560   1630
   1650   1510   14c0   1540   13e0   1610   1640   1530   1490   15f0   1520
   14e0   14f0   15e0   1500   12a0   15f0   1650   15a0   1540   1460   16a0
   13f0   1260   15e0   15e0   1580   1500   1650   14d0   14e0   1770   1660
   13c0   14a0   14a0   14c0   14f0   1630   1740   1540   14a0   15d0   14f0
   13c0   14a0   1310   15b0   1500   15a0   1480   1590   16e0   1420   1460
   15a0   14d0   1500   1300   15b0   1680   1430   13d0   1550   1580   15a0
   1300   15b0   14f0   13e0   14f0   13d0   1420   1490   15f0   14c0   1400
   1440   14b0   1350   1320   1520   1470   16e0   14b0   14e0   1490   13a0
   1540   11f0   1400   1210   1660   1580   1530   1530   15a0   15e0   1550
   1440   1360   1430   1460   12a0   17c0   1510   13e0   1390   1280   1440
   1360   1440   1360   12e0   14d0   1320   13e0   1470   14b0   1510   14a0
   1380   1300   1430   13e0   1500   1630   14e0   1540   1370   1640   15c0
   1250   1470   12e0   1210   1440   1290   14c0   13d0   14e0   1340   1550
   1440   13c0   1490   1580   1480   14f0   1470   14e0   1610   1620   15a0
   1320   12e0   1350   14b0   13f0   12c0   1340   1560   1580   1480   1420
   1260   13e0   13a0   1420   14d0   14c0   14d0   14f0   1290   1570   1560
   12d0   13f0   1460   1350   1400   13c0   1320   1300   1440   1460   1580
   1260   12c0   1420   1560   1310   1560   13c0   1340   13a0   13f0   1540
   13f0   1250   1180   1450   1330   1420   1270   1340   14a0   1630   14b0
   11d0   13d0   1310   1400   1520   1350   13e0   13e0   1450   12e0   1420
   1380   14e0   1340   15e0   12c0   1340   13c0   15f0   1400   15a0   13f0
   13e0   1230   1340   1360   1410   1220   1420   1310   1510   1340   1570
   1320   1270   11f0   13d0   1400   1350   13c0   13d0   12c0   1510   1420
   1230   12c0   1270   1200   1340   13c0   13e0   12e0   13f0   1330   14f0
   1140   1100   1190   1130   1330   1230   11e0   1520   1280   12c0   1420
   1230   1200   11e0   1310   1320   12f0   1350   1170   1330   1300   13b0
   1310   1180   11a0   1340   13c0   13e0   1210   1540   13a0   14f0   12b0
   11a0   11d0   1270   1160   1330   14c0   1340   12d0   12c0   13b0   1320
   10c0   1220   1120   1260   1270   1310   12e0   1260   1590   14a0   12e0
   12b0   1140   12e0   1300   1200   11e0   1210   1120   11f0   1380   1400
   12d0   1280   10c0   1320   1150   1060   1300   1130   1300   1260   1170
   1220   1040   1310   1360   1170   1110   1330   1280   1340   1340   12d0
   12c0   1150   1120   11b0   11c0   11b0   12a0   1160   11a0   12f0   1340
   1160   1040   1190   12c0   12b0   1240   1280   1200   1110   1240   12f0
   10a0   10f0   10a0   1320   11e0   1130   10d0   12d0   1230   1210   1260
   1040   1190   0fd0   1170   11f0   1230   1230   1040   12c0   1230   1220
   1160   1050   1250   1220   1250   1150   10e0   11f0   10e0   1310   11c0
   11e0   1170   1180   1230   11e0   1160   1300   1220   1120   1190   1310
   11f0   0fb0   11b0   11a0   1230   1320   11a0   10d0   1180   12c0   1270
   10a0   0ef0   1110   1210   1090   1210   11f0   12a0   1190   1120   1380
   11c0   1020   1260   1200   1210   11f0   1180   1250   1150   1270   1240
